-379374.93821283674	0.42200733276939456	1.711661740556627	8.266589508942147	0.01903414072449701	0.0	0.0	626607.3751986512
-328831.93397648865	0.21440689811450234	2.7711873755685295	0.07826186773557783	0.007516405359042208	0.0	0.0	655864.432824516
-311412.16721876303	0.9035560895612941	1.0000568192977475	1.2780997832430376	0.012750714716744703	0.0	0.0	640993.3404637236
-380128.6113658941	0.4064522720773299	2.0305627342446315	6.129046775819738	0.019833220982734198	0.0	0.0	617816.3491905585
-311410.6797099798	0.9384971967257242	1.010575414942895	7.1023696325189505	0.013928720589339931	0.0	0.0	636988.9104924944
-462765.1396676609	0.6160870462446855	5.209077148895311	9.102721228518682	0.020848637561139336	0.0	0.0	556936.805498377
-369926.65227446565	0.5365997669537667	1.4176625932371736	11.86052061798016	0.021504926868657404	0.0	0.0	623846.2454676938
-374683.93312552874	0.4621599425965707	1.939217946834449	6.547219366075663	0.020446550021448427	0.0	0.0	613920.7697075028
-352177.41678518616	0.691842275311727	1.422489107653602	11.890508326224868	0.023585759914230797	0.0	0.0	611336.3221831785
-312021.55748504197	0.9169737589757953	1.0554037733154829	4.317523520602185	0.014917363002822781	0.0	0.0	634370.741970566
-325862.99293743545	0.8719028156086246	1.1620297724203206	16.91073576049874	0.020198327317361087	0.0	0.0	621299.3484596006
-391720.24512663117	0.9690048265086083	6.666287062087198	16.82829382750801	0.008791054706314642	0.0	0.0	595152.406883026
-359348.35060838686	0.5305586839312169	1.3741358575926228	4.755511848553965	0.02046989043171175	0.0	0.0	628778.8930377538
-369195.1312798828	0.3358201382619338	1.6132770011786401	1.9110985321490508	0.015496155913657965	0.0	0.0	645777.3108828802
-328095.5032039219	0.2702733552700367	2.9264526370499033	0.09993082654332025	0.008850163430856138	0.0	0.0	644978.7575682519
-458675.61124431255	0.46934312270115075	10.416960779819416	1.3232485073858762	0.015733724151099544	0.0	0.0	567388.3791729156
-382763.9873509909	0.8335180313716533	2.984859468689432	11.07799000953371	0.021884661397100786	0.0	0.0	568886.6287308196
-551237.1934419832	0.6141971766269583	10.170600813263347	17.240779456120354	0.017874020149174087	0.0	0.0	547047.27059165
-330342.7988204088	0.8487467517117533	1.1705454219787303	16.536951533300936	0.021309401392292333	0.0	0.0	620175.6424188431
-373500.67684415716	0.4920702365946892	1.4537245868293582	10.40541920725518	0.02091780018905029	0.0	0.0	626739.1923470334
-315302.84272024134	0.6411757049053403	1.204996928012862	0.24142274627316326	0.01189043665226536	0.0	0.0	644708.1522295631
-326499.2032663485	0.7967145827851347	1.2259448133368418	4.132130145742043	0.02009311349511956	0.0	0.0	622708.3257265806
-359113.8366089048	0.6852571491402736	1.350297893486316	22.380169151411682	0.024060479853694344	0.0	0.0	613466.3857326923
-321401.11381883547	0.38432744927961976	1.6078626515435586	0.13129452915805492	0.009697872449755156	0.0	0.0	651037.6838959178
-379185.7068588859	0.977980332613392	6.41810740843736	8.769319671423002	0.006963850510227764	0.0	0.0	606931.9363886323
-324026.5496147299	0.9291380777970945	1.645028130049591	10.203748366509533	0.016855277910019187	0.0	0.0	606992.809318285
-391814.3631505635	0.34845515420427736	1.8673757813763077	10.665195333943837	0.018161471316889822	0.0	0.0	631101.4311284587
-377122.639635655	0.43564273362093525	2.2163016009584156	4.9179798224006	0.020644195129869786	0.0	0.0	609131.3418877777
-381375.4780647425	0.3935791491577451	1.8148483686266232	7.147783606502003	0.018850814445908408	0.0	0.0	626683.4282257034
-382949.50704067724	0.46244104220732113	1.5108215972705605	18.371232663778834	0.020343772779276705	0.0	0.0	626960.3265597493
-317001.679594058	0.5622102813129407	1.2113478144740657	0.19411962101667296	0.010957384767885681	0.0	0.0	649374.4636179676
-311307.970469704	0.9085747569524127	1.0033976918378738	1.7252140666591738	0.013263635984251265	0.0	0.0	639900.0190546493
-385869.7654748725	0.4720654407162782	6.14154387851617	0.4958454890549318	0.01470414395546467	0.0	0.0	587018.2521715895
-344961.35392118315	0.6957018129251825	1.2798052811244407	6.889538018524224	0.022078681555450327	0.0	0.0	620821.4644426168
-312893.8358595903	0.7835371987762438	1.0606334006812475	0.396956880521623	0.01235056685607778	0.0	0.0	643544.5766501959
-326231.605200408	0.7959427090870972	1.2261106453108086	3.9763860498613295	0.020002078468361943	0.0	0.0	622901.0144019437
-321578.62896589504	0.38354900047505786	1.4765346651797784	0.1266910776272335	0.009462743858589326	0.0	0.0	654522.4522322315
-369204.33822089585	0.5926330991374499	2.084943874312422	7.039665962752179	0.02246660636841735	0.0	0.0	596332.8898268798
-380599.4248736757	0.46993405121137427	1.4677599133704726	15.86978228006004	0.020360948389478238	0.0	0.0	628236.332670951
-320417.10233261494	0.8639163178404321	1.1569400795289384	6.276457934179777	0.018996688071170467	0.0	0.0	624850.0500871999
-378024.8714831652	0.49340746409793484	1.5792097297167529	15.317239047641447	0.021555033248718956	0.0	0.0	620137.9080340443
-315055.1346511437	0.6540389998443664	1.2062323359768252	0.2562606962305813	0.012044834096206134	0.0	0.0	643810.7514905367
-369179.86035161914	0.4825377838756924	1.5103328094181623	6.664359959208145	0.02091950332490152	0.0	0.0	625708.0592295441
-382378.3169533508	0.3335388592551263	1.6691605979948412	4.271091802730492	0.016613148671168643	0.0	0.0	641928.3108585987
-331954.3165364113	0.17654923764962688	4.142008171413296	0.07036820468724704	0.007166216228690052	0.0	0.0	653815.6215830385
-380712.8173246966	0.4897518790786224	1.3497843129150788	19.587828631679212	0.02032758847602857	0.0	0.0	631420.7212688888
-419532.72204276326	0.1958310147418828	3.910838913331221	6.066760660764853	0.014838264172912447	0.0	0.0	632702.675056681
-311200.94331392413	0.9381696758204993	0.9772532855976324	4.343486249738482	0.012935556341002699	0.0	0.0	640280.4652015817
-321829.73619340116	0.37250911802968895	1.6437398438906963	0.1254185153032147	0.009464469331192656	0.0	0.0	651475.9418796595
-379076.23589338124	0.5106206950578369	1.3964556539522246	21.663747663429504	0.021008517085135958	0.0	0.0	626565.7728025565
-319651.0053040483	0.44485291007348376	1.426683095454442	0.1503523112682045	0.010200300758004105	0.0	0.0	650515.382058583
-311927.15353776654	0.9470999779627518	1.0246620445576526	18.39472154430152	0.014197911331919388	0.0	0.0	634756.173881201
-385611.7439062636	0.3611882850041721	1.4451212957336652	6.671064077306529	0.016428459507593786	0.0	0.0	646162.4956127674
-364754.06181340356	0.5228123131391114	1.4672332524135145	6.761158692417522	0.02153781836894659	0.0	0.0	623319.3675112671
-386367.1357712356	0.37688414576061086	1.6131295427982664	9.579227451614402	0.017707963013094935	0.0	0.0	636283.5049600927
-311925.4114954375	0.8718696515508186	1.0465534355126855	1.2121916598471931	0.014121749340709063	0.0	0.0	638107.9382430497
-394198.2083543601	0.31520673578549424	1.7049566117465207	8.793508167170959	0.0165394090934931	0.0	0.0	643004.5122286429
-506135.72829533357	0.4468192252073468	0.14362148298601854	6.275546520033258	0.001787054530000518	0.0	0.0	713439.2346148427
-385850.24747584213	0.42732227091962455	1.4952546215172662	16.12986879581462	0.019233002529439568	0.0	0.0	632561.8784827052
-405210.26821888896	0.9615567081132774	7.812967855406788	15.416456684782812	0.01034072115830728	0.0	0.0	584715.5166143454
-376389.08027739223	0.38997829948476986	1.70547456775803	4.949583791365964	0.018024262999817735	0.0	0.0	632181.7691136352
-361076.21934215934	0.6998851282117078	1.260610388281538	33.03220687215723	0.023333226356739668	0.0	0.0	617061.2993811892
-311190.76462356845	0.940040946434669	0.9903595363518742	5.368687551905933	0.013080847049244823	0.0	0.0	639230.5965790738
-408008.16516245593	0.26657358094554867	1.946022938371699	16.666182485674653	0.015505403001202168	0.0	0.0	644895.9142780021
-370502.01363002986	0.4748672431200779	1.4800343828867586	6.878650155409422	0.0205567181256961	0.0	0.0	628063.065897451
-321258.80479466653	0.8407560904421686	1.2397823693326633	4.249271616897167	0.018759799654906897	0.0	0.0	622255.8386218715
-368467.97994411195	0.44931680452424605	1.5457003414782875	4.719240238155547	0.02010488984647568	0.0	0.0	628757.0053910081
-360213.23910412955	0.6386508367592008	1.2679605643692797	13.763048380022807	0.02225966682967302	0.0	0.0	623398.6272225485
-391972.606748643	0.3232990749208203	1.755552928605181	8.13192920440909	0.016963497908130315	0.0	0.0	639840.2398762415
-373440.39472382766	0.8278535458346585	6.661987531733916	0.09534109536956452	0.00584168404246285	0.0	0.0	616677.2010809598
-321622.2014343849	0.3841603048268307	1.5413850691973805	0.14138979595509635	0.01006937820616035	0.0	0.0	652484.113633318
-374586.8832316966	0.4752317884300301	1.4946535976078756	9.651163904109778	0.02063815841836775	0.0	0.0	626932.9994611233
-311397.8366734724	0.9032524720680706	1.0100775521395349	1.3101070284052467	0.012864513824886877	0.0	0.0	640364.4531205236
-399521.3312321251	0.38702248495974034	2.0264562429983886	29.304038169911784	0.019793298177725165	0.0	0.0	617782.6870364858
-387423.9595471532	0.36434351017550337	1.6719692948187947	9.108654646559103	0.01768715953226977	0.0	0.0	635781.3364329265
-361154.5262993208	0.5705022486673744	1.402451978658558	7.762812444459321	0.021825795667515066	0.0	0.0	622287.2674341984
-394561.9870019379	0.9410024034234707	4.440012040571062	21.224546548847652	0.013072687931864037	0.0	0.0	581747.4345923263
-399215.2027558945	0.33505172356939683	1.4328260094076766	17.05036213269281	0.015781561051759846	0.0	0.0	649248.1979248535
-371566.0673544569	0.5882158319819809	7.615950618793345	0.07875571842685208	0.007017149828638146	0.0	0.0	611871.8715320057
-390299.77491537575	0.36795514734649054	2.0860097498720886	9.496670496490768	0.01949939369107037	0.0	0.0	620788.0200393094
-311839.9891467024	0.8586652656996281	1.0195700049696528	0.7288742152197788	0.012910765332719938	0.0	0.0	641673.4673581677
-340366.88776657643	0.7762987099840503	1.2874424419562172	12.649562441430636	0.022690436207977508	0.0	0.0	615217.6567179919
-324680.53548794385	0.869389877091805	1.1730541598959343	13.471240582515577	0.020343825181926647	0.0	0.0	621112.3977337158
-386417.10669853573	0.43677488140743637	1.3857151900136253	18.501031803583626	0.019024898576095545	0.0	0.0	636225.9679742443
-322482.6608740547	0.35691058571540013	1.5759113208976143	0.11532134531169619	0.00900667527307308	0.0	0.0	654801.9907661626
-311198.66821530013	0.9416307848371801	0.9887864710527776	5.722319430680199	0.012943457947657987	0.0	0.0	639368.106694522
-364350.5665286983	0.5556092491065207	1.3589085165945558	8.757531800337626	0.02130580939398666	0.0	0.0	625785.4599127125
-387558.51550160797	0.4383516639563133	1.4717438889552437	22.35270254524075	0.019460836643716995	0.0	0.0	631627.8420601886
-311265.3404518761	0.9378678480910013	1.0118856321697285	5.779082782668237	0.013611494478537432	0.0	0.0	637524.8070991838
-311467.4904613983	0.9421968017947576	1.0273675968190878	9.454538225927928	0.013877843144572535	0.0	0.0	635876.2925377215
-364516.1602789387	0.6572155595502988	1.488088797726136	23.477174864026733	0.024540223163962066	0.0	0.0	607702.6038315182
-332963.7415778462	0.16878144649720772	4.772512949673176	0.06863300668667939	0.007033785001000142	0.0	0.0	652399.6782724378
-311197.923588054	0.9409610035707993	0.9763366834158291	5.130984219195724	0.01282716380544233	0.0	0.0	640243.4509358883
-359426.08767915523	0.6283017101413593	1.3768099372715565	11.671733074251273	0.022704819899452267	0.0	0.0	618339.5201908629
-383003.6271518228	0.5041453188981456	1.3186702263943115	29.8837625147118	0.020498597175573837	0.0	0.0	630715.2899672656
-311327.133493134	0.9092214992014942	1.0371038847143106	1.6790578457328174	0.013103702056072156	0.0	0.0	638382.6811449189
-315877.9320878734	0.6154145178514446	1.2798149239712113	0.2249618822628498	0.011799355801190717	0.0	0.0	643451.5372576504
-362217.1132594487	0.5422454787593141	1.4326286650372	6.592774236742372	0.021483221280942908	0.0	0.0	623480.5204513953
-489661.47408690554	0.4570360462212715	6.570332879858046	13.487810285296614	0.022156797150512268	0.0	0.0	553812.3162349977
-311499.70135181333	0.9546309914415623	0.9685559068724643	15.45801864420475	0.012906251204903433	0.0	0.0	639201.992244044
